1751105614.89388 -1.2449498e-06 0 -3.3667623e-06 -0 -1.7156158e-07 0 1
1751105615.22721 -2.4887199e-06 0 -6.7297283e-06 -0 -4.0730112e-07 0 1
1751105615.52721 -3.6703855e-06 0 -1.3026487e-05 -0 -8.1586478e-07 0 1
1751105615.84388 -0.00067484932 3.1467211e-05 -0.0004348298 -0.00015406419 -8.3012889e-05 0.00011915381 0.99999998
1751105616.16055 -0.0019400747 3.1280822e-05 -6.1337225e-05 -0.0001540734 -5.8068631e-06 0.00011914191 0.99999998
1751105616.47721 -0.0031885118 4.3194577e-05 0.00027953135 -0.00021278259 -0.00011661341 4.6823765e-05 0.99999997
1751105616.81055 -0.0044167833 4.3219999e-05 0.00060940051 -0.00021278585 -4.762664e-05 4.6809089e-05 0.99999998
1751105617.12721 -0.0055794003 8.1558195e-05 0.00083944865 -0.00037429482 -0.00011889127 -3.6658167e-05 0.99999992
1751105617.44388 -0.0067406618 8.1830971e-05 0.0010899669 -0.00037429259 -5.7455093e-05 -3.6681162e-05 0.99999993
1751105617.76055 -0.0059396457 0.00010635566 -0.00095603243 -0.00049065014 0.00011289955 -9.0967414e-05 0.99999987
1751105618.07721 -0.0047088591 0.00010362722 -0.0035083587 -0.00049062497 0.0003899858 -9.1103366e-05 0.9999998
1751105618.39388 -0.0036206604 -3.0433243e-06 -0.0058653858 -9.2943843e-05 0.00019709341 -4.9586821e-05 0.99999998
1751105618.71055 -0.0025512069 -3.5838927e-06 -0.0082028192 -9.2931461e-05 0.00044680558 -4.9610031e-05 0.99999989
1751105619.01055 -0.0016207932 -0.00011059573 -0.010355657 0.00031312143 0.0002367751 2.5113171e-05 0.99999992
1751105619.34388 -0.00069858041 -0.00010920735 -0.012498859 0.00031311582 0.0004617468 2.5183615e-05 0.99999984
1751105619.64388 9.8801916e-05 -0.00020958854 -0.014463322 0.00071244922 0.00029261855 9.0292505e-05 0.9999997
1751105619.97721 0.0016122621 -0.00020490456 -0.017559085 0.00071245429 0.00023616549 9.0252286e-05 0.99999971
1751105620.27721 0.0031469108 -0.00021255728 -0.020608682 0.00078358852 3.3872585e-05 -0.0001243821 0.99999968
1751105620.59388 0.0046661017 -0.00020811369 -0.023685304 0.00078353001 -0.00043584567 -0.00012475017 0.99999959
1751105620.91055 0.0067411885 0.0012600615 -0.028688941 -0.0054443655 -0.0033790828 0.00097346223 0.999979
1751105621.22721 0.0082803164 0.0012295074 -0.031762995 -0.0054440554 -0.00369771 0.0009751969 0.99997787
1751105621.56055 0.011816133 0.0028992058 -0.037185308 -0.012172729 -0.0042748215 -0.004629945 0.99990605
1751105621.87721 0.013360322 0.0028100961 -0.040255681 -0.012174203 -0.0045934252 -0.0046260664 0.99990464
1751105622.17721 0.015633726 0.004422239 -0.045475267 -0.01946285 -0.0053200146 -0.0026069656 0.99979303
1751105622.51055 0.017184407 0.0042945095 -0.048541002 -0.019463677 -0.0056385827 -0.0026007636 0.99979128
1751105622.81055 0.020264456 0.0058852211 -0.056373302 -0.028847581 -0.030052108 0.0035528666 0.99912565
1751105623.14388 0.022000136 0.0057489327 -0.058885831 -0.02881452 -0.039022137 0.0038117482 0.99881553
1751105623.46055 0.024856694 0.0065510501 -0.062894367 -0.034543046 -0.030776908 -0.00066008304 0.99892899
1751105623.77721 0.024926709 0.0064558033 -0.064268537 -0.034545524 -0.03498827 -0.00051443858 0.99879035
1751105624.07721 0.11262999 -0.0029139905 -0.19785607 -0.040308264 -0.025973548 0.0017958347 0.99884803
1751105624.39388 0.17909467 -0.0060275472 -0.23758335 -0.040310298 -0.024827424 0.0017495831 0.99887718
1751105624.71055 0.25126702 -0.014721932 -0.36349979 -0.037960773 -0.030176885 0.011522239 0.99875701
1751105625.04388 0.32455641 -0.022996286 -0.49113813 -0.038014744 -0.025461858 0.011342915 0.99888834
1751105625.36055 0.38832054 -0.03069127 -0.61055511 -0.020636321 -0.011290505 0.010389618 0.99966931
1751105625.66055 0.44542783 -0.035496891 -0.75419492 -0.020641523 -0.010789592 0.010379276 0.99967484
1751105625.99388 0.37101352 -0.059238933 -0.88537484 -0.015782586 -0.016216254 0.01435767 0.99964084
1751105626.31055 0.42977372 -0.062166464 -1.0284597 -0.015779728 -0.016415141 0.01436081 0.99963759
1751105626.61055 0.30156669 -0.076946959 -1.1609366 -0.012198586 -0.013739469 0.0095192216 0.99978588
1751105626.94388 0.31843716 -0.0775837 -1.1995475 -0.01220411 -0.013159184 0.0095121416 0.99979369
1751105627.26055 0.26291785 -0.087515712 -1.2387499 -0.0093868518 -0.011673612 0.0081198942 0.99985483
1751105627.57721 0.27945641 -0.087984793 -1.2774545 -0.0094026442 -0.0097268468 0.0081016021 0.99987566
1751105627.89388 0.28479654 -0.088809714 -1.3183639 -0.01625462 -0.013138335 0.011517881 0.99971521
1751105628.21055 0.30147457 -0.089700967 -1.3570043 -0.016275112 -0.011357362 0.011488907 0.99973703
1751105628.51055 0.20231399 -0.10025381 -1.3949302 -0.027074865 -0.01441354 0.0079313504 0.99949802
1751105628.82721 0.21909466 -0.10209967 -1.4334922 -0.027088953 -0.012632952 0.0078831063 0.99952211
1751105629.14388 0.16303259 -0.11663814 -1.4693282 -0.030351832 -0.01300393 0.00091531727 0.99945426
1751105629.47721 0.18801081 -0.12214288 -1.5602853 -0.030350894 -0.014011964 0.00094592918 0.99944064
1751105629.77721 0.21006463 -0.12878141 -1.6580671 -0.035194585 -0.010635123 0.001860499 0.99932216
1751105630.11055 0.20116076 -0.12451167 -1.597176 -0.035193625 -0.011149335 0.0018786088 0.99931655
1751105630.42721 0.091824301 -0.10983206 -1.3494846 -0.042713331 -0.0137388 -0.0011023378 0.99899229
1751105630.74388 0.087265953 -0.10420161 -1.2839062 -0.042707309 -0.0087662398 -0.0013149256 0.9990483
1751105631.04388 0.066431709 -0.091687188 -1.2242105 -0.068466083 -0.0081582031 -0.011356033 0.99755545
1751105631.37721 0.062655076 -0.082620747 -1.1590453 -0.068415518 -0.0037739808 -0.011656823 0.99758167
1751105631.67721 0.087210059 -0.063665122 -1.0999502 -0.085689342 -0.004998395 -0.011699512 0.99624067
1751105632.01055 0.083878808 -0.052352965 -1.0351126 -0.08563709 -0.00061998299 -0.012075994 0.99625302
1751105632.31055 0.12141182 -0.031261928 -0.97725701 -0.1026185 -0.00026260519 -0.011033787 0.99465956
1751105632.62721 0.11871875 -0.017759133 -0.91281015 -0.10256901 0.0041088207 -0.011484679 0.9946511
1751105632.96055 0.10666114 -0.00086498354 -0.85245824 -0.11840147 0.0022746026 -0.013474103 0.99287178
1751105633.26055 0.10436119 0.014687927 -0.7884599 -0.11834112 0.0066381331 -0.013994335 0.99285219
1751105633.57721 0.041044876 0.10520105 -0.4940668 -0.1351 0.0026970434 -0.011156857 0.99076548
1751105633.91055 0.050184503 0.13598965 -0.38257936 -0.13508534 0.0039861961 -0.011332635 0.99076114
1751105634.21055 0.10941189 0.1793997 -0.27934292 -0.16245432 -0.0029475791 -0.015525319 0.98658951
1751105634.54388 0.11532326 0.21628106 -0.16980152 -0.16255568 -0.0096254045 -0.014425364 0.98654696
1751105634.84388 0.21534264 0.26734567 -0.070798606 -0.18019554 -0.0022091529 -0.013988394 0.98352886
1751105635.17721 0.22142424 0.30815989 0.037329614 -0.18028609 -0.0088662765 -0.012768392 0.98349137
1751105635.47721 0.19157071 0.34349045 -0.23754179 -0.18113446 -0.0026617771 -0.017570705 0.98329776
1751105635.79388 0.19770119 0.38447085 -0.12947923 -0.18124923 -0.0093173265 -0.016344265 0.98325722
1751105636.11055 0.13100368 0.42178443 -0.023811318 -0.19964407 -0.0064215195 -0.026143396 0.97949861
1751105636.42721 0.13675112 0.46673429 0.082682729 -0.19981643 -0.013051266 -0.024791473 0.97943271
1751105636.76055 0.23165639 0.4682568 0.08375746 -0.21429598 -0.013386682 -0.021507399 0.9764402
1751105637.07721 0.23569612 0.51647472 0.18889174 -0.21443665 -0.019995566 -0.020056409 0.97632722
1751105637.37721 0.24317591 0.57014233 0.28928006 -0.2315121 -0.028621114 -0.023765981 0.97212044
1751105637.71055 0.24400318 0.62212557 0.39268014 -0.23166768 -0.035200412 -0.02219841 0.97190444
1751105638.02721 0.16818264 0.74687254 0.31569651 -0.23949978 -0.029726027 -0.028445357 0.97002427
1751105638.32721 0.16907531 0.80052483 0.41823983 -0.23968683 -0.036291111 -0.026823609 0.96980084
1751105638.64388 0.19805063 0.86145782 0.51303464 -0.25342885 -0.029483993 -0.029865986 0.96644324
1751105638.97721 0.19919595 0.91802067 0.61399913 -0.25362522 -0.036024849 -0.028149928 0.96622153
1751105639.27721 -0.047966912 1.0646262 0.52345026 -0.25861837 -0.024189649 -0.036452321 0.96498841
1751105639.59388 -0.17626902 1.1257582 0.60821795 -0.25861022 -0.023975016 -0.036509835 0.96499377
1751105639.92721 -0.05324968 1.2596133 0.63458556 -0.26212712 -0.013695718 -0.039161586 0.96414116
1751105640.22721 -0.17923999 1.3226713 0.7213856 -0.26211839 -0.013481268 -0.039219887 0.96414418
1751105640.56054 -0.072821259 1.4640261 0.61633408 -0.26229344 -0.0087880954 -0.042655663 0.96400488
1751105640.87721 -0.19755109 1.5282454 0.70409751 -0.26228394 -0.0085736852 -0.042714003 0.96400681
1751105641.19388 -0.13727117 1.6488041 0.68593168 -0.26645796 -0.0076016527 -0.048559879 0.96259249
1751105641.49388 -0.26123446 1.7152982 0.77309197 -0.26644495 -0.0073444165 -0.048631091 0.9625945
1751105641.82721 -0.090368897 1.8228258 0.59678316 -0.26413319 -0.005617372 -0.047654163 0.96329185
1751105642.14388 -0.21402648 1.8887818 0.68478251 -0.26412048 -0.0053599524 -0.047724749 0.96329331
1751105642.46054 -0.13712811 1.9684031 0.51930898 -0.26589317 -0.0023265213 -0.053733449 0.96250098
1751105642.76054 -0.18034753 2.0092297 0.57852405 -0.26588484 -0.0021777859 -0.053774534 0.96250133
1751105643.09388 -0.094618157 2.0776649 0.37102348 -0.26385401 -0.0032866137 -0.055309774 0.96296993
1751105643.39388 -0.13790914 2.1183562 0.4302792 -0.26384545 -0.0031378073 -0.05535055 0.96297043
1751105643.71054 -0.12674424 2.1781855 0.34888953 -0.26597942 0.00050869276 -0.05956162 0.96213674
1751105644.04388 -0.16929877 2.2195613 0.40820479 -0.26597021 0.00065737679 -0.059602721 0.96213665
1751105644.36054 -0.048046459 2.2884431 0.31676662 -0.26461056 -0.0025079995 -0.05859865 0.96257008
1751105644.67721 -0.091068782 2.3295202 0.37595195 -0.26460146 -0.0023592495 -0.058639545 0.96257047
1751105644.97721 -0.053102769 2.3384151 0.15816239 -0.26332758 -0.0026574685 -0.061673024 0.96272943
1751105645.32721 -0.096008241 2.379591 0.21736392 -0.26331809 -0.0025087116 -0.061713718 0.96272982
1751105645.62721 -0.033601455 2.3785048 0.08268211 -0.26533177 -0.00337942 -0.062361247 0.96213237
1751105645.92721 0.089233503 2.3634069 0.086810075 -0.26552828 -0.0064318789 -0.061519149 0.96211681
1751105646.24388 0.20074245 2.3306737 -0.06313923 -0.26687578 -0.0072814168 -0.058374059 0.96193387
1751105646.57721 0.3236931 2.3167863 -0.058318108 -0.26706107 -0.010356789 -0.057520533 0.96190566
1751105646.87721 0.162442 2.1887574 -0.22592826 -0.26756372 -0.0083859605 -0.062042729 0.96150405
1751105647.21054 0.28527898 2.1740761 -0.22059111 -0.26776069 -0.011459951 -0.061186987 0.96147233
1751105647.52721 0.19543853 2.0704587 -0.33332387 -0.26981134 -0.009142044 -0.058933677 0.96106456
1751105647.82721 0.31836796 2.0565755 -0.32797882 -0.26999835 -0.012214618 -0.058070756 0.96103043
1751105648.16054 0.12045628 1.8705004 -0.53931123 -0.26978169 -0.0070885542 -0.061797435 0.96091033
1751105648.46054 -0.031970259 1.9782472 -0.39913628 -0.27006714 -0.011572656 -0.060537795 0.96086679
1751105648.77721 -0.19902211 1.826031 -0.47008717 -0.27474197 -0.0091397703 -0.061629578 0.95949732
1751105649.09388 -0.35203105 1.9350672 -0.3315534 -0.27502653 -0.013617266 -0.060346795 0.95944424
1751105649.42721 -0.18432532 2.0625951 -0.55575556 -0.27285062 -0.0079159133 -0.065152315 0.95981512
1751105649.74388 -0.33650407 2.1721964 -0.41675416 -0.27315168 -0.012394893 -0.063878326 0.95976772
1751105650.04388 -0.1364034 2.2476158 -0.60736549 -0.27641983 -0.014696359 -0.068446964 0.95848375
1751105650.36054 -0.29024211 2.3588097 -0.47149149 -0.27673626 -0.01916905 -0.067156283 0.95840473
1751105650.69388 -0.13168126 2.4404812 -0.32462987 -0.28470623 -0.014524827 -0.070808329 0.95588575
1751105651.01054 -0.28492031 2.554801 -0.19068587 -0.28503356 -0.018985409 -0.069478946 0.95580756
1751105651.31054 -0.077843115 2.6633909 -0.05596678 -0.29522498 -0.022595742 -0.071979875 0.95244451
1751105651.64388 -0.23319672 2.7805171 0.073025435 -0.29555764 -0.027040181 -0.070601382 0.9523287
1751105651.94388 -0.082987875 2.8654184 -0.23636127 -0.2908495 -0.022355568 -0.075494698 0.95352365
1751105652.27721 -0.23786718 2.9823647 -0.10663766 -0.29119859 -0.026805035 -0.074136595 0.95340895
1751105652.59388 -0.18412459 3.1106489 0.026845977 -0.2966051 -0.016090302 -0.078759485 0.95161098
1751105652.89388 -0.33636263 3.2306235 0.15693033 -0.29696941 -0.020530947 -0.077374494 0.95152553
1751105653.21054 -0.16978481 3.4049339 0.18297909 -0.30364866 -0.014285571 -0.082012978 0.94914029
1751105653.54388 -0.32073748 3.5279768 0.31168783 -0.30402806 -0.018714647 -0.080595067 0.94906329
1751105653.84388 -0.18277545 3.6741076 0.40907001 -0.30797683 -0.011254031 -0.087706632 0.94727565
1751105654.16054 -0.33171931 3.8002272 0.53713942 -0.3083828 -0.015674466 -0.086268472 0.94721281
1751105654.49388 -0.14540946 3.9125631 0.68150115 -0.31724016 -0.0064995405 -0.089270272 0.94411189
1751105654.81054 -0.29227823 4.0420442 0.80860913 -0.31765332 -0.010905287 -0.087788875 0.94407127
1751105655.12721 -0.16751727 4.1821003 0.91183603 -0.32061949 -0.0055710595 -0.093164061 0.94259884
1751105655.42721 -0.31332526 4.3136916 1.0379945 -0.32105077 -0.0099697307 -0.091666846 0.94256257
1751105655.74388 -0.1052385 4.3418345 1.2569505 -0.33183292 -0.0051294749 -0.091286076 0.93889693
1751105656.06054 -0.25086114 4.4759994 1.3805877 -0.3322553 -0.0095108959 -0.089736543 0.93886277
1751105656.39388 0.0026638806 4.6178212 1.5186918 -0.33987887 -0.016828664 -0.091729041 0.93583382
1751105656.69388 -0.14632295 4.7533875 1.6366615 -0.34030323 -0.021195672 -0.090141977 0.93574509
1751105657.02721 0.041796118 4.8843422 1.7362671 -0.34578919 -0.019588718 -0.090580316 0.93372444
1751105657.34388 -0.10813747 5.0208921 1.8519042 -0.34622683 -0.024142192 -0.088892854 0.9336178
1751105657.66054 -0.0060142577 5.1455121 1.9867141 -0.34962695 -0.014038359 -0.093601268 0.93209588
1751105657.96054 -0.14546946 5.2880645 2.1091847 -0.34823313 -0.00052280574 -0.098660528 0.93220144
1751105658.29388 0.21152493 5.2213244 2.1357868 -0.35097752 0.011027604 -0.10023519 0.93093828
1751105658.59388 0.31695884 5.2678785 2.2166326 -0.35057573 0.014732905 -0.10163139 0.93088703
1751105658.92721 0.28280753 5.3382783 2.3006015 -0.354748 0.0019636651 -0.097400681 0.92987263
1751105659.24388 0.38654637 5.3868108 2.3824697 -0.35435749 0.0056647762 -0.098811919 0.92985745
1751105659.56054 0.28833818 5.4485579 2.4840558 -0.36208359 0.0020596284 -0.10064793 0.92669371
1751105659.87721 0.39234868 5.4976902 2.5652194 -0.36168012 0.0057480743 -0.10208833 0.92667817
1751105660.19388 0.32220948 5.3065538 2.5062823 -0.36112038 0.0066933252 -0.095266789 0.92761604
1751105660.49388 0.4267813 5.3561935 2.586386 -0.36077598 0.010023777 -0.096562737 0.92758604
1751105660.82721 0.35080892 5.4289064 2.6806288 -0.3719701 0.0051412944 -0.09246236 0.92361384
1751105661.12721 0.45519102 5.4809923 2.7594161 -0.37163574 0.0084573904 -0.093797284 0.92358942
1751105661.44388 0.30717784 5.3706346 2.8045549 -0.37286138 0.0066379492 -0.091802432 0.9233107
1751105661.77721 0.41182587 5.4228506 2.8829014 -0.3725294 0.0099529438 -0.093140558 0.9232809
1751105662.09388 0.35998484 5.1536078 2.3767533 -0.36902851 0.0028613541 -0.090250045 0.92502146
1751105662.41054 0.46380591 5.2058377 2.4561827 -0.36870211 0.0061825332 -0.091574427 0.92500522
1751105662.71054 0.39912057 4.9392023 2.1288812 -0.37107946 0.0014756575 -0.086771718 0.92453693
1751105663.04388 0.48029613 4.8488173 2.0542953 -0.37090014 0.0033779049 -0.087535044 0.92453193
1751105663.34388 0.2490586 4.8098979 1.9298137 -0.37066642 0.0049674655 -0.093070135 0.92407775
1751105663.67721 0.32823145 4.718102 1.8545125 -0.37020956 0.0094599813 -0.094871111 0.92404267
1751105663.99388 0.25420436 4.594378 1.7228218 -0.36731784 0.0045823909 -0.092303337 0.92549268
1751105664.31054 0.33368605 4.5033369 1.6469601 -0.36671829 0.0087836171 -0.09377456 0.9255522
1751105664.61054 0.33188879 4.4569559 1.5867224 -0.36788453 0.0021964475 -0.086249556 0.92586023
1751105664.94388 0.4074198 4.3468943 1.488814 -0.36775174 0.0017351398 -0.085868829 0.92594935
1751105665.26054 0.26007897 4.3173137 1.4593943 -0.3687522 0.00097864494 -0.086204224 0.92552131
1751105665.56054 0.23148547 4.3736072 1.5116732 -0.36878465 -0.0012616176 -0.085113223 0.925609
1751105665.89388 0.22181299 4.2535834 1.3348476 -0.36689818 0.0045257568 -0.084662491 0.9263895
1751105666.21054 0.19028443 4.1551385 1.2240909 -0.36668794 0.0048944741 -0.084611635 0.92647551
1751105666.51054 0.15579233 3.9989395 1.108698 -0.36750878 0.0034228943 -0.085250209 0.92609826
1751105666.82721 0.12373298 3.8816972 0.97825921 -0.36721129 0.0047343378 -0.085573725 0.92618065
1751105667.14388 0.13554764 3.8624768 0.95672542 -0.36572319 0.0020020065 -0.085528361 0.92678338
1751105667.47721 0.11120558 3.7818494 0.86575407 -0.36465637 0.011430861 -0.089049702 0.92680376
1751105667.79388 0.36773869 3.3419044 0.52297854 -0.36467592 0.01888412 -0.089257522 0.92665417
1751105668.11054 0.59400427 2.8014541 0.0016030073 -0.36387313 0.025257409 -0.091571723 0.92659216
1751105668.42721 0.21999808 2.6288433 -0.40238568 -0.35834543 0.0064916492 -0.088406244 0.92937116
1751105668.74388 -0.085996404 2.7605135 -0.33172143 -0.3570928 0.017508958 -0.092455189 0.92931707
1751105669.06054 -0.1318329 2.8765271 -0.13536762 -0.36123699 0.0093599924 -0.085446208 0.92850373
1751105669.37721 -0.3536526 2.8157763 -0.250826 -0.36045775 0.015788232 -0.087751135 0.92850454
1751105669.67721 -0.062300496 2.9268198 -0.07368803 -0.36063791 0.006105184 -0.083449485 0.92894521
1751105670.01054 -0.27067518 2.8672369 -0.18482134 -0.36003703 0.01075955 -0.085060156 0.92898996
1751105670.32721 -0.1286734 3.0199034 0.052517593 -0.36103384 0.006933619 -0.084661896 0.92867586
1751105670.64388 -0.45971107 3.0912542 0.054766394 -0.35952414 0.021061036 -0.089951866 0.92855128
1751105670.96054 -0.13343513 2.8071868 -0.14998461 -0.36017657 0.0092552876 -0.083504487 0.9290932
1751105671.26054 -0.39341381 2.7474604 -0.27210942 -0.35919505 0.017999988 -0.086697347 0.92905247
1751105671.59388 -0.15299888 2.7135983 -0.25270653 -0.36032799 0.0064516952 -0.080594733 0.92931513
1751105671.91054 -0.44461066 2.6798015 -0.35229662 -0.3595506 0.013241189 -0.08303026 0.92932987
1751105672.22721 -0.19440313 2.5531576 -0.40834129 -0.3611319 0.0093864314 -0.082968621 0.928769
1751105672.54388 -0.42549136 2.4910445 -0.52588481 -0.36038203 0.015682236 -0.085220506 0.9287714
1751105672.86054 -0.21393013 2.4158216 -0.52914655 -0.36043948 0.0088987292 -0.086330151 0.9287364
1751105673.17721 -0.44484025 2.3549068 -0.64784837 -0.35973158 0.014519122 -0.088315708 0.92875331
1751105673.47721 -0.20243008 2.3596261 -0.58684427 -0.35760241 0.0067350705 -0.082990215 0.93015471
1751105673.81054 -0.4348326 2.3391519 -0.66130447 -0.35695195 0.011958736 -0.08480237 0.93018861
1751105674.12721 -0.17671916 2.3086317 -0.65246058 -0.35743196 0.0046002567 -0.082573831 0.93027028
1751105674.44388 -0.37173533 2.2309473 -0.78169513 -0.35710426 0.0062825724 -0.083023973 0.93034622
1751105674.76054 -0.17608322 2.305331 -0.66610491 -0.3572052 0.0046707425 -0.082603472 0.93035439
1751105675.06054 -0.37118554 2.2278471 -0.79524934 -0.35684785 0.0066829441 -0.083179846 0.93042789
1751105675.37721 -0.17571914 2.3023078 -0.65999573 -0.35729189 0.0051455354 -0.082877038 0.93029427
1751105675.71054 -0.37108091 2.2251468 -0.78882718 -0.35689036 0.0076401489 -0.083639054 0.93036305
1751105676.02721 -0.17358412 2.2977519 -0.64328116 -0.35752952 0.0056215444 -0.08307984 0.93018212
1751105676.34388 -0.2906743 2.3274479 -0.63702816 -0.35714205 0.007954153 -0.083780457 0.93025111
1751105676.66054 -0.040588688 2.3624127 -0.55118549 -0.35755848 0.0038666211 -0.082325391 0.93024702
1751105676.97721 -0.10555494 2.3397272 -0.59067971 -0.35730698 0.0047008354 -0.082449479 0.93032882
1751105677.27721 -0.030264251 2.3598285 -0.563133 -0.35748891 0.0037402459 -0.082440219 0.9302641
1751105677.61054 -0.095219441 2.3371682 -0.60263711 -0.35722877 0.0046701693 -0.082601047 0.93034556
1751105677.92721 -0.029024396 2.3591943 -0.56445789 -0.35747378 0.0037941597 -0.082466118 0.9302674
